 +++++++++++++++++++++++++++++
 
 problem PB1.DAT
 
 +++++++++++++++++++++++++++++
 4 27
 560 1125 68 47 122 196 41 25 115 82 22 631 132
 420 86 42 103 81 26 49 316 72 71 49 108 116
 90
 207 185 168 160
 40 91 3 3 18 25 1 1 8 1 1 49 8
 21 6 1 5 8 1 0 42 6 4 8 0 10
 1
 16 92 4 6 0 8 2 1 6 2 1 70 9
 22 4 1 5 6 0 4 8 4 3 0 10 0
 6
 38 39 5 8 12 15 0 1 20 3 0 40 6
 8 0 6 4 4 1 5 8 2 8 0 20 0
 0
 38 52 7 0 3 4 1 2 4 6 1 18 15
 38 10 4 8 0 3 0 6 1 3 0 3 5
 4
 
 3090
 
 +++++++++++++++++++++++++++++
 
 problem PB2.DAT
 
 +++++++++++++++++++++++++++++
 4 34
 560 620 68 328 47 122 196 41 25 115
 82 22 631 132 420 86 42 103 215 81
 91 26 49 316 72 71 49 108 116 90
 215 58 47 81
 163 165 239 168
 40 30 3 12 3 18
 25 1 1 8 1 1 49 8 21 6
 1 5 10 8 2 1 0 42 6 4
 8 0 10 1 8 3 2 4
 16 16
 4 18 6 0 8 2 1 6 2 1
 70 9 22 4 1 5 10 6 4 0
 4 8 4 3 0 10 0 6 22 0
 2 2
 38 71 5 40 8 12 15 0
 1 20 3 0 40 6 8 0 6 4
 22 4 6 1 5 8 2 8 0 20
 0 0 13 6 1 2
 38 42 7 20
 0 3 4 1 2 4 6 1 18 15
 38 10 4 8 6 0 0 3 0 6
 1 3 0 3 5 4 18 3 4 0
 
 3186
 
 +++++++++++++++++++++++++++++
 
 problem PB4.DAT
 
 +++++++++++++++++++++++++++++
 2 29
 7074 5587 5500 3450 367 4235 9262 6155 32240 1600
 4500 6570 7010 16020 8000 2568 2365 4350 4975 29400
 7471 3840 3575 1125 1790 2450 540 445 220
 153 154
 25
 17 20 22 15 10 50 10 150 0 0
 0 40 60 0 0 0 0 0 0 0
 0 0 0 0 0 0 0 0
 0 0
 0 0 0 2 5 6 40 2 6 10
 13 30 15 5 5 10 15 91 24 15
 15 5 10 15 10 10 10
 
 95168
 
 +++++++++++++++++++++++++++++
 
 problem PB5.DAT
 
 +++++++++++++++++++++++++++++
 10 20
 245 177 291 237 114 237 194 211 231 211
 97 168 174 134 308 271 131 211 97 282
 463 451 623 493 551 647 624 511 595 526
 77 12 57 7 21 20 85 52 72 90
 62 71 93 8 79 68 68 44 13 52
 21 85 87 82 26 61 36 1 14 19
 74 26 85 24 56 63 0 12 1 39
 72 58 72 93 3 93 17 54 92 79
 12 20 24 30 99 79 15 11 8 89
 76 14 86 37 12 48 54 58 32 15
 6 54 32 32 71 61 29 92 20 73
 11 62 93 56 80 52 93 38 89 33
 17 32 35 76 51 31 40 73 42 78
 28 85 3 31 93 44 93 73 35 28
 11 37 99 73 91 67 7 95 15 97
 32 42 54 90 59 98 94 88 59 86
 10 0 59 15 76 97 55 87 70 1
 77 18 87 61 64 37 41 39 3 18
 20 55 50 30 51 92 88 55 60 86
 53 83 68 50 86 20 19 58 48 99
 57 67 21 36 41 13 34 94 50 50
 41 68 47 16 5 9 35 62 88 73
 64 96 9 62 79 27 16 24 30 60
 
 2139
 
 +++++++++++++++++++++++++++++
 
 problem PB6.DAT
 
 +++++++++++++++++++++++++++++
 30 40
 82 77 110 67 61 3 6 85 2 22
 238 33 56 63 69 47 63 75 6 83
 47 47 7 6 53 76 200 29 91 6
 27 52 6 51 55 72 13 6 65 95
 3317 1880 2740 4310 2681 3375 4704 3031 3115 2878
 2609 3321 4142 4670 2130 3323 4766 2590 3573 2888
 3578 3478 4189 1748 2039 2660 4645 3578 4418 2211
 524 774 818 56 26 22 42 20 47 37
 662 21 42 57 97 75 53 49 76 96
 834 785 42 39 979 46 608 25 23 41
 667 123 805 116 19 26 760 81 699 27
 16 67 792 99 21 794 53 81 73 87
 837 234 64 65 908 18 758 22 27 91
 13 435 86 29 377 73 504 5 86 61
 67 255 118 332 97 370 32 23 165 75
 33 42 644 96 23 49 57 931 36 5
 596 978 82 59 37 22 71 788 56 96
 55 283 348 66 873 97 33 94 42 864
 464 931 33 350 15 22 9 82 358 6
 51 114 716 668 23 43 55 973 47 3
 350 56 77 97 28 75 61 95 26 33
 430 950 590 32 297 140 714 828 97 27
 571 449 602 789 15 85 27 11 778 19
 638 720 809 31 12 82 688 868 61 17
 775 82 81 860 85 49 72 72 7 13
 740 830 72 30 221 2 9 36 150 18
 586 996 519 719 320 13 654 408 70 66
 978 53 983 3 93 37 704 581 698 97
 712 42 45 91 56 32 41 664 290 86
 22 234 57 784 503 2 59 37 75 36
 105 47 760 15 190 3 17 328 210 294
 504 37 619 93 218 23 47 303 71 56
 593 744 214 67 53 22 96 16 978 53
 884 796 36 3 724 31 468 3 81 5
 509 845 293 700 75 59 9 58 67 734
 16 27 206 57 7 87 21 624 33 92
 770 15 32 13 1 2 644 4 13 100
 604 854 96 910 372 39 12 990 140 39
 876 813 559 952 640 59 290 644 232 76
 53 36 650 210 218 520 33 12 16 86
 324 100 894 818 39 7 27 318 538 43
 46 206 92 65 944 16 7 57 174 65
 320 143 382 566 878 678 284 39 755 90
 16 51 310 21 7 43 25 860 45 82
 354 42 72 76 73 37 99 79 59 85
 52 798 45 26 560 36 45 12 62 62
 790 920 390 44 62 83 27 43 574 86
 75 51 23 26 99 426 92 99 11 51
 77 66 85 554 19 604 96 77 97 55
 7 85 760 104 580 95 927 62 51 476
 716 17 37 868 267 91 2 234 444 45
 95 89 5 81 270 491 6 72 410 12
 644 79 910 595 85 167 430 21 414 89
 6 948 904 67 994 13 295 65 408 211
 11 49 844 11 417 570 43 39 16 430
 7 63 3 63 338 402 664 21 553 128
 88 458 508 222 804 720 75 45 35 55
 750 1 96 31 846 37 496 29 210 930
 653 51 35 43 393 2 834 1 418 36
 59 6 218 36 92 321 22 138 423 53
 828 16 93 622 13 189 36 75 58 968
 66 89 440 91 62 67 628 23 83 943
 129 950 170 67 613 608 27 554 730 710
 748 654 46 69 3 769 82 624 967 948
 684 15 22 586 700 343 83 57 46 65
 21 66 51 19 882 13 254 788 760 542
 339 34 13 230 327 65 87 72 71 23
 964 900 99 51 628 150 22 79 132 628
 52 154 21 663 968 846 620 840 72 73
 6 110 22 20 497 2 201 2 924 866
 501 57 3 2 279 5 148 86 91 93
 89 26 96 37 39 89 6 53 869 2
 394 82 46 541 26 268 82 72 710 16
 5 934 88 93 56 95 194 37 66 855
 71 95 7 408 464 41 56 564 488 508
 83 2 630 61 62 638 61 73 494 71
 75 62 198 958 70 232 174 25 25 600
 268 15 95 898 515 464 571 42 21 47
 462 51 96 338 228 93 690 56 89 99
 62 290 72 844 6 570 13 16 267 32
 69 65 27 236 83 482 97 274 31 55
 554 97 47 7 480 504 616 14 824 641
 374 2 478 36 496 754 848 75 330 76
 89 7 22 45 63 148 91 33 624 47
 96 69 42 224 56 970 65 67 96 27
 2 75 83 69 832 72 688 92 93 8
 214 77 66 2 384 59 26 75 15 81
 14 62 464 292 29 340 278 83 33 374
 389 818 888 37 3 60 42 40 928 42
 35 76 69 95 46 32 864 55 198 598
 73 15 95 36 814 45 770 644 634 334
 56 780 56 588 93 86 23 94 19 86
 570 518 108 218 86 718 63 81 400 938
 96 43 6 69 50 76 674 42 5 810
 9 49 274 25 298 9 42 363 47 158
 86 75 99 554 704 800 6 670 47 49
 199 85 69 3 77 63 674 924 55 22
 214 864 718 56 67 53 19 554 1 49
 56 418 13 948 56 19 65 154 99 363
 359 12 130 481 92 26 624 714 53 21
 743 13 3 718 33 930 13 1 79 88
 41 91 36 30 16 974 950 9 759 5
 29 63 55 45 93 56 580 6 93 452
 2 19 864 535 800 3 27 36 9 974
 876 21 73 11 2 130 694 16 7 334
 248 25 86 944 79 441 92 6 800 7
 93 9 254 22 930 744 7 475 498 252
 640 36 35 843 718 22 76 8 17 33
 972 39 96 76 42 378 89 96 77 65
 344 87 17 17 62 86 594 790 56 2
 43 83 520 864 92 31 71 845 174 780
 644 59 33 671 89 364 854 21 65 2
 584 570 95 26 924 87 804 17 2 168
 42 42 918 6 96 178 724 610 818 46
 964 194 97 59 634 21 630 969 47 75
 91 13 224 120 85 7 92 72 468 920
 949 93 7 57 13 538 920 65 9 37
 200 57 12 31 79 310 92 888 77 444
 734 59 27 898 59 33 418 935 73 272
 674 93 63 490 1 63 870 49 23 984
 131 52 39 99 338 6 114 69 87 47
 86 12 52 110 61 81 984 284 384 52
 804 750 83 87 174 99 23 482 7 232
 53 55 9 264 73 35 92 31 35 61
 670 65 66 37 96 21 86 83 21 19
 79 7 2 46 15 59 76 83 47 7
 35 52 71 7 32 87 27 680 52 990
 
 776
 
 +++++++++++++++++++++++++++++
 
 problem PB7.DAT
 
 +++++++++++++++++++++++++++++
 30 37
 47 77 110 67 65 3 6 39 33 63
 6 21 56 29 69 61
 85 6 47 76 47 51 7 53 6 2
 52 82 91 63 27 13 6 72 55 72
 31
 5875 4351 5221 7099 5746 5560 6840 6069 6333 5229
 5428 5824 7422 5461 5047 6064 7582 5220 6483 4929
 5909 5057 6662 3514 4469 4153 7077 6163 6955 3373
 785 774 818 56 699 22 42 465 21
 57 76 62 42 25 97 26 20 41 75
 46 834 116 42 979 81 47 123 524 23
 53 667 760 805 690 19 26 646
 435 67
 792 99 165 794 53 268 234 65 27 97
 64 5 908 21 81 61 18 73 13 332
 86 377 23 73 255 16 86 758 67 32
 118 266 97 370 834
 283 42 644 96 358
 49 57 587 978 59 56 584 82 94 37
 23 931 864 22 97 55 350 348 873 82
 36 931 33 42 71 464 9 33 983 15
 22 475
 950 114 716 668 778 43 55 936 56
 97 26 7 77 828 28 23 973 27 75
 140 430 789 590 297 11 47 449 51 97
 61 571 27 602 264 15 85 80
 830 720
 809 31 70 82 688 241 82 860 7 99
 81 36 85 12 868 18 49 2 740 719
 72 221 408 61 996 638 150 72 586 654
 519 112 320 13 777
 234 53 983 3 210
 37 704 678 42 91 290 11 45 37 56
 93 581 36 32 2 22 15 57 503 328
 698 47 978 75 41 105 17 760 719 190
 3 891
 796 37 619 93 67 23 47 306
 744 67 978 32 214 3 53 218 303 5
 22 31 884 700 36 724 58 71 845 504
 81 96 509 9 293 71 75 59 916
 854
 27 206 57 232 87 21 513 15 13 13
 420 32 990 1 7 624 39 2 39 604
 952 96 372 644 33 813 16 140 644 876
 290 559 460 640 59 8
 206 36 650 210
 755 520 33 827 100 818 538 85 894 57
 39 218 12 65 7 16 46 566 92 944
 39 16 143 53 174 27 320 284 382 721
 878 678 318
 798 51 310 21 574 43 25
 150 42 76 59 45 72 12 73 7 860
 62 37 36 52 44 45 560 43 45 920
 16 62 99 790 27 390 968 62 83 368
 85 51 23 26 444 426 92 529 66 554
 97 93 85 62 19 99 99 476 604 95
 7 868 760 580 234 11 17 75 51 96
 716 2 37 202 267 91 69
 948 89 5
 81 16 491 6 939 79 595 414 288 910
 65 85 270 72 211 167 13 6 11 904
 994 39 410 49 95 408 430 11 43 844
 703 417 570 134
 1 63 3 63 418 402
 664 379 458 222 35 62 508 29 804 338
 21 930 720 37 750 43 96 846 1 553
 51 7 210 75 653 834 35 184 393 2
 5
 89 6 218 36 730 321 22 910 16
 622 58 530 93 23 13 92 138 943 189
 67 66 67 440 62 554 423 950 59 83
 36 129 27 170 790 613 608 540
 66 654
 46 69 71 769 82 178 15 586 46 59
 22 788 700 3 624 542 343 13 21 230
 51 882 72 967 34 748 760 83 339 87
 13 156 327 65 524
 110 900 99 51 91
 150 22 132 154 663 72 75 21 2 968
 628 79 866 846 2 6 2 22 497 86
 132 57 964 924 620 501 148 3 10 279
 5 52
 934 26 96 37 488 89 6 695
 82 541 710 66 46 37 26 39 53 855
 268 95 5 408 88 56 564 869 95 89
 66 82 71 56 7 398 464 41 370
 15
 2 630 61 89 638 61 287 62 958 25
 86 198 42 70 62 73 47 232 464 268
 338 95 515 56 494 51 83 21 174 462
 690 96 585 228 93 48
 97 290 72 844
 330 570 13 22 65 236 31 780 27 14
 83 6 16 641 482 504 554 36 47 480
 75 267 2 62 824 97 374 848 478 134
 496 754 47
 75 7 22 45 15 148 91
 840 69 224 96 45 42 92 56 63 33
 8 970 72 2 2 83 832 75 624 77
 89 93 65 214 26 66 660 384 59 63
 76 62 464 292 634 340 278 254 818 37
 928 53 888 55 3 29 83 598 60 32
 35 36 69 46 644 33 15 14 198 42
 73 770 95 648 814 45 727
 43 780 56
 588 47 86 23 175 518 218 400 1 108
 42 86 93 94 810 718 76 96 25 6
 50 363 19 49 56 5 63 9 42 274
 534 298 9 751
 864 75 99 554 99 800
 6 543 85 3 55 45 69 554 77 704
 670 49 63 53 214 948 718 67 154 47
 418 86 1 674 56 65 13 1 56 19
 635
 91 12 130 481 93 26 624 171 13
 718 79 608 3 9 33 92 714 5 930
 974 41 45 36 16 6 53 63 359 759
 13 29 580 55 418 93 56 629
 25 19
 864 535 498 3 27 931 21 11 7 27
 73 6 2 800 36 7 130 441 248 22
 86 79 475 9 9 2 800 694 93 7
 254 996 930 744 45
 87 36 35 843 174
 22 76 569 39 76 77 850 96 790 42
 718 8 2 378 86 344 864 17 62 845
 17 83 640 56 89 43 71 520 629 92
 31 365
 42 59 33 671 47 364 854 382
 570 26 2 654 95 610 924 89 21 46
 87 178 42 59 918 96 969 65 194 644
 818 804 964 630 97 356 634 21 812
 57
 13 224 120 73 7 92 79 93 57 9
 22 7 888 13 85 72 444 538 310 200
 898 12 79 935 468 59 91 77 920 734
 418 27 185 59 33 591
 12 93 63 490
 7 63 870 623 52 99 87 634 39 284
 338 1 49 52 6 81 86 87 52 61
 482 23 750 674 384 114 804 23 83 704
 174 99 911
 7 55 9 264 52 35 92
 310 65 37 21 52 66 83 96 73 31
 7 21 59 79 7 2 15 680 35 52
 53 47 86 35 27 71 608 32 87 844
 
 1035